1 -7 334
0 -9 724
-8 8 962
4 -5 145
-1 -7 961
-1 5 942
7 -6 391
-4 -2 153
-2 2 421
6 -8 895
-7 -6 771
-8 9 912
7 -9 35
-4 -3 811
-2 3 673
4 -1 711
-3 -8 547
-4 2 757
7 -9 723
-1 -9 778
-6 5 190
2 -8 106
0 -2 264
-8 6 805
0 -9 370
0 -6 101
-3 8 629
3 -4 954
-6 0 966
-6 1 308
4 -9 626
-3 -7 538
-8 2 929
1 -3 115
-9 -8 704
0 7 306
3 -6 21
-5 -4 72
0 9 777
3 -7 512
-6 0 161
-6 5 767
5 -4 31
-2 0 150
-1 4 966
0 -7 191
-7 -7 457
-7 3 383
5 -9 209
-8 -1 588
-2 6 506
0 -3 168
0 -1 762
-5 0 359
4 -7 548
-3 -5 41
-2 0 291
6 -4 20
-6 -1 348
-9 8 484
1 -4 53
-9 -8 938
0 8 127
7 -8 893
-8 -3 807
-1 0 617
3 -4 309
-6 -5 451
0 9 519
6 -8 303
-4 -8 844
-9 9 702
5 -5 93
-3 -3 587
-4 3 448
0 -8 618
0 -6 798
-1 9 798
9 -7 472
-2 -8 292
-8 9 190
7 -8 191
-5 -8 156
-1 2 634
2 -5 328
-6 -2 886
-5 3 869
2 -4 416
-1 -8 322
-1 1 699
7 -6 892
-9 -5 712
0 0 3
9 -1 688
-1 -9 255
-3 2 585
2 -5 88
-6 -7 757
-2 2 169
4 -1 189
-6 -9 368
-2 5 555
4 -9 441
-2 -5 60
-8 3 139
3 -9 996
-7 -9 549
-7 6 949
3 -5 297
-6 -6 105
-8 2 455
4 -4 701
-6 -1 786
-3 3 355
5 -3 912
-8 -2 945
-3 6 321
8 -6 982
-1 -4 196
-2 9 161
5 0 173
-6 -4 659
-2 9 253
4 -4 510
-5 -9 186
-3 4 22
8 -8 787
-5 -8 391
-2 5 477
4 -4 824
-4 -4 372
-9 3 70
7 -7 518
-7 -3 270
-3 8 192
5 -2 480
-3 -7 802
-9 7 625
3 -4 23
-2 -1 181
-3 2 505
3 -5 31
-2 -2 222
-6 4 900
7 0 413
-4 0 170
-5 3 711
0 -6 667
-5 0 140
-4 5 624
9 -5 576
-4 -8 302
-1 6 678
3 -1 484
-8 -4 119
-2 0 87
0 -6 10
-7 0 315
-6 7 43
8 -4 109
-2 -6 565
-7 7 474
5 -7 629
-8 -3 520
-2 2 123
6 -7 261
-5 -5 264
0 2 116
0 -6 11
-1 -1 547
-3 0 790
4 -8 763
0 -1 662
-9 0 713
8 -8 365
-7 -7 200
-8 9 303
0 -7 324
-7 -8 113
-7 1 850
0 -8 993
-4 -5 540
-1 4 835
6 -2 350
-3 -5 556
-6 6 357
6 -7 337
-1 -9 361
-6 2 617
2 -7 696
-5 -1 423
-9 9 565
9 -2 296
-5 -3 962
-4 4 654
2 -7 369
-2 -3 607
-3 1 635
7 -8 675
-8 -3 142
-4 1 741
5 -9 825
-1 0 626
-4 5 783
0 -8 279
-1 -3 734
-7 4 556
3 -6 705
-2 -8 881
0 3 641
5 -5 142
-2 -1 877
-4 8 752
3 -6 673
0 -3 875
-2 8 610
7 -2 112
-5 -9 831
0 8 685
0 -7 589
0 -5 353
-4 1 740
4 -8 335
-9 -2 605
-4 1 503
9 -5 608
-2 -7 549
-6 1 627
7 -1 129
0 -3 174
-1 7 215
3 -3 992
-4 -1 392
-9 0 428
7 -4 75
-6 -8 970
-7 7 604
3 -1 663
-6 -3 10
-1 9 240
4 -2 619
-3 -1 704
-8 2 750
5 -5 539
-3 -2 98
-7 4 648
1 -4 913
-5 -5 712
-6 8 769
2 -9 985
-9 -4 865
0 5 508
8 0 601
-3 -2 472
-2 7 570
3 -1 103
-3 -7 600
-9 5 565
8 -3 347
-8 -3 637
-9 3 49
1 -8 342
-8 0 221
-8 4 888
6 0 949
-3 0 620
-8 7 536
3 -5 226
-5 -8 853
-9 4 748
3 -9 257
-6 -4 955
-8 6 411
5 -5 1
-9 -6 584
-5 4 342
5 -3 142
-6 -8 72
-6 6 173
9 -4 705
-6 -2 375
-3 5 36
6 -1 814
-4 -6 652
-6 8 482
5 -5 131
0 -1 625
-1 7 186
0 0 662
-4 -3 353
-6 2 8
2 -3 454
-3 -4 303
-6 8 124
7 -3 109
-8 0 80
-8 8 50
5 -1 264
-3 -6 643
-9 2 561
9 -8 282
-3 -4 220
-2 3 831
9 -8 259
-8 -9 971
-3 5 781
4 -2 685
-3 -8 589
-2 8 37
0 -1 234
-8 -1 959
-3 5 269
7 -9 58
0 -1 264
-7 5 555
5 0 39
-2 -8 82
-4 5 710
4 -4 380
-5 -1 541
-5 9 110
8 -3 788
-7 -2 956
-9 3 8
1 0 723
-3 -8 184
-8 0 71
5 -4 71
-3 -7 153
-5 8 825
6 -9 650
-8 -9 693
-6 0 116
9 -7 528
-9 -4 421
-5 6 816
6 -6 666
-7 -1 964
0 6 21
2 -1 64
-9 -5 902
-3 4 941
5 -2 423
-1 -6 268
-8 2 907
7 -1 12
-6 0 114
-9 4 556
0 -3 996
-2 -4 345
-8 8 491
2 -1 114
-9 -8 722
-4 5 52
9 -9 238
-3 -8 866
-9 8 486
6 -2 633
-8 -2 146
-2 7 925
7 -8 602
-7 -8 830
-2 0 278
9 -2 448
-2 0 315
-5 2 567
6 -7 418
-7 -8 851
-6 0 449
5 -8 229
0 0 560
-7 2 655
5 -2 361
-4 -8 146
-4 6 188
9 -8 663
-5 -5 521
-5 5 528
4 0 905
-4 -7 962
-1 4 549
9 0 923
0 -3 925
0 7 336
7 -8 393
-6 -4 164
-1 9 135
5 -7 4
-7 -3 664
0 8 568
1 -5 152
-3 -2 194
-6 6 396
2 -9 640
-4 -9 943
-1 1 289
9 -5 805
-5 -6 450
-5 9 64
6 -3 74
-9 0 695
-3 9 161
2 -8 358
-1 -8 426
0 2 774
9 0 552
-2 -1 495
-4 4 364
2 -5 460
-4 -2 821
-2 7 577
9 -5 195
-4 0 343
-4 1 12
2 -9 428
-2 -2 967
-8 5 908
3 -9 434
-4 -6 319
-8 5 806
6 0 367
-2 -7 532
-6 4 447
1 -3 222
-1 -6 583
-8 3 982
8 -6 220
-1 -2 856
0 5 324
6 -7 969
-3 -4 677
-8 8 991
6 -3 828
-7 -6 871
-7 2 703
7 -8 545
-8 -5 238
-7 3 313
1 0 128
-1 0 149
-2 4 869
1 -5 267
-3 -3 634
-2 2 830
1 -2 177
-7 0 702
-4 1 590
3 -7 23
-9 -5 169
-7 2 310
2 -8 926
-7 0 528
-1 8 213
0 -3 286
-2 0 472
-8 4 841
8 -3 867
-5 -8 881
-7 0 614
8 -8 661
-3 -6 807
-8 9 435
5 -5 586
-6 -3 360
0 8 928
2 -3 840
-6 -5 810
-9 7 892
2 -8 352
-9 -4 794
-8 2 647
2 -5 208
-4 -7 243
-9 5 841
9 0 812
-8 -3 851
-4 3 891
0 -4 990
-7 -9 780
-8 1 544
0 -7 899
-5 -3 538
-2 3 252
1 0 834
0 -7 785
-9 0 805
1 -2 210
-9 -8 979
-1 7 73
3 0 497
-6 -6 790
-2 8 159
8 -9 159
-9 -4 72
0 8 967
8 -7 503
0 -7 196
-4 2 611
9 -1 56
0 -3 683
-6 2 452
1 -4 813
-2 -6 460
-5 4 599
6 0 198
-2 -7 584
0 7 6
0 -1 882
-9 -3 758
-5 1 95
6 -6 678
-8 -9 58
-7 0 7
9 -1 995
-8 -6 753
-9 4 565
3 -8 172
-3 -9 514
-8 5 191
3 -2 748
-1 -6 144
-6 7 517
9 -6 874
-1 -9 912
-6 3 91
5 -9 857
0 -2 236
-1 7 226
2 -5 183
-4 0 97
-5 5 513
1 -8 78
-8 0 611
-7 5 170
5 -9 750
-9 -3 865
-4 2 7
2 -6 367
-2 -2 810
-1 1 187
5 -9 321
-8 -1 447
-8 6 276
9 -9 422
-6 -6 455
-8 4 860
3 -7 348
-3 -1 431
-2 5 197
6 -2 821
-6 -1 21
-5 7 124
8 -5 376
-4 -9 998
-4 3 922
5 -3 888
-3 -2 747
0 6 678
0 -1 961
-9 -5 363
-6 3 561
5 -3 274
0 -3 181
-7 9 110
3 -5 172
-9 -1 112
-6 1 247
0 -1 805
-2 -2 989
0 5 431
8 -3 206
-8 -8 206
-1 6 396
7 0 694
-9 -8 109
-4 9 978
7 -5 626
-4 -8 906
-8 7 118
0 -9 785
-6 -9 420
0 1 813
5 -5 318
0 -1 267
-7 4 186
7 0 827
-4 -1 152
-1 8 693
5 -7 311
-4 -7 406
-8 2 413
0 -2 537
-8 -8 355
-9 7 181
3 -4 987
-1 -3 217
-1 2 447
5 -3 104
-4 -5 525
-1 4 781
2 -6 656
-3 -3 80
0 8 411
3 -8 251
-6 -9 768
0 1 933
9 -3 259
-3 -6 95
-5 4 720
5 0 976
-5 -5 71
-8 9 156
2 -2 905
0 -5 562
-5 2 80
6 -7 202
-8 0 340
-6 8 493
0 -6 474
-3 -7 880
-5 2 400
7 -5 666
-1 -8 481
-8 5 396
5 -9 12
-6 -5 762
-3 2 21
2 -2 248
-8 -8 717
-4 0 290
5 -9 169
-5 -3 640
-9 9 105
1 -1 681
-2 -3 33
-9 7 42
3 -3 420
-4 -8 244
-3 9 652
4 -9 470
-5 -7 594
-7 6 276
3 0 679
0 -8 710
-1 5 221
0 -3 589
-5 -8 779
-6 2 135
7 -6 33
-8 -5 779
-3 0 962
5 -1 105
-7 -7 669
-4 1 457
8 -5 597
-8 -8 844
-2 3 28
4 -1 723
0 -4 601
-7 7 692
1 -3 301
-3 -1 565
-1 5 610
5 -1 22
-2 -1 15
-5 3 738
9 -2 608
-4 -2 707
-5 8 144
0 -9 154
-4 -3 225
-8 4 981
0 -3 223
-4 0 846
-7 5 805
6 0 489
-8 -3 135
-7 9 630
4 -8 737
-4 0 372
-3 5 734
1 -6 606
-4 -5 382
-9 1 432
4 -9 279
-3 -7 836
-5 8 737
8 -9 577
-7 -1 556
-5 0 901
3 -2 136
0 -5 907
-4 4 719
0 -6 41
-1 -9 290
-4 2 591
9 -7 490
-9 -3 53
-3 1 903
5 -6 479
-5 -9 468
-8 3 639
5 -1 993
-6 -2 838
-8 1 399
8 -1 23
-3 -4 243
-9 2 707
2 -1 687
-6 -1 637
-3 0 816
0 -2 935
-6 0 877
-2 0 189
5 -4 663
-2 -5 566
0 8 588
1 -5 467
-5 -7 189
-2 3 547
2 -7 99
-3 -6 203
-8 1 570
6 -8 967
-6 -5 531
-2 9 975
6 -1 495
-4 -1 803
-8 5 450
9 -2 791
-3 -3 775
-2 9 300
4 -8 585
-7 -3 893
0 3 750
3 -2 271
-1 0 338
-1 8 47
2 -8 479
-2 -3 990
-2 8 422
5 -5 8
-1 -2 194
-9 8 178
2 -7 941
-7 -9 345
0 3 964
0 -1 385
-3 -4 462
-3 2 69
4 -9 552
-4 -9 730
-4 4 49
8 -5 363
-2 -3 470
-1 7 511
9 -8 498
-3 -2 679
-3 3 522
8 -3 834
0 -2 240
-1 2 651
0 -7 616
-6 -8 220
-5 8 798
9 -5 857
-3 -2 902
-2 0 770
2 -3 841
-6 -8 917
-7 2 698
7 -9 65
-9 -2 619
-1 3 130
8 -1 589
-2 0 172
-4 7 295
8 -1 490
0 -7 71
-6 9 643
0 -3 37
-3 0 274
-3 2 203
1 0 662
-7 -7 151
-3 0 717
0 -3 566
-3 -1 659
-5 6 651
5 -1 840
-9 -7 283
0 8 421
5 -1 787
-1 -7 999
-4 9 138
0 0 461
-8 -5 540
-8 9 622
8 0 98
-5 -1 614
-7 3 596
1 -6 538
0 -8 476
-5 7 371
0 -2 758
-3 -5 65
-6 1 34
9 -3 548
-3 -2 193
-3 7 103
0 -1 694
-8 -7 498
-9 8 879
7 -9 931
-9 -5 598
-9 6 599
3 -3 731
-4 -1 434
-5 7 816
3 -4 866
-3 -8 223
-4 2 667
8 -9 930
-1 -4 90
-7 3 604
9 -4 195
-6 -8 589
-8 9 889
7 0 818
-4 -5 26
-9 3 66
2 0 570
-6 -5 641
-6 1 109
7 -3 85
0 0 686
-5 1 128
2 -7 862
-4 -5 872
-2 5 428
6 -9 478
-3 -5 265
0 5 778
1 -5 520
-7 -3 134
-1 5 336
4 -1 737
0 -4 590
-6 1 80
5 -5 282
-5 -8 573
-2 7 998
5 -2 717
-2 -9 47
-6 3 231
5 -9 858
-9 -5 394
-9 5 272
5 -2 72
-3 0 238
-7 2 608
3 -7 125
-4 -1 78
-2 9 736
8 -9 138
-1 -6 663
-7 5 724
1 0 961
-2 -2 448
-5 4 16
7 -7 993
-4 -4 259
-1 8 643
8 -7 119
-7 -1 891
-4 3 915
2 -9 841
-5 -5 536
-7 9 700
2 -3 241
-9 -8 227
-8 4 324
4 -3 885
-8 0 862
-9 4 909
8 -3 85
0 -4 193
-5 2 765
7 -7 677
-4 -4 790
-4 1 621
5 -4 190
-2 -8 86
-8 1 424
7 -6 254
-9 -8 927
-3 8 366
2 -8 600
-9 -8 290
-4 9 556
8 -2 478
-4 -7 239
-4 0 827
4 -8 441
-8 -2 2
-1 4 946
6 -9 833
-8 -1 533
-6 4 385
2 -2 260
-1 0 343
-8 7 113
3 -1 934
-5 -6 761
-2 1 959
1 -8 370
-4 -7 7
-4 1 101
9 -8 441
0 -3 412
-5 0 93
2 -2 676
-3 -3 266
-1 5 528
2 -1 469
-3 -9 107
-2 1 953
2 0 519
-2 -7 494
-5 0 383
2 -9 607
-8 0 471
-1 4 947
4 -3 229
-9 -6 887
-6 2 470
9 -6 522
-3 0 553
-5 1 259
6 -7 629
-2 -7 45
-6 8 452
4 -6 833
0 -9 631
-8 7 776
8 -4 320
-3 -7 469
-6 2 842
7 -3 260
-7 -3 630
-7 3 376
4 -6 117
-4 0 171
-2 4 154
6 -3 664
-5 0 212
0 1 476
9 -3 877
-9 -1 385
-2 4 144
1 -3 504
-6 -8 308
-7 0 123
4 -4 346
-7 -1 318
-1 2 591
2 -3 461
-1 -1 330
-8 9 291
0 -9 117
-7 -4 595
-1 6 867
8 -3 909
-3 -1 503
-9 6 883
7 -5 402
0 -7 681
-7 0 866
7 -1 477
-5 -4 238
-1 7 115
2 -1 657
-5 -3 171
0 0 530
5 0 790
-7 -8 586
-4 9 631
4 -8 610
-8 -9 259
-7 9 119
9 -6 300
-6 -3 458
0 3 806
9 -4 272
0 -4 54
-3 6 229
1 -8 559
-1 -1 688
-6 3 685
0 -9 261
0 -8 982
-2 6 878
9 -7 887
-8 -9 783
0 5 266
3 -9 557
-7 -4 53
-5 8 593
3 -3 466
-1 0 94
-7 4 512
7 -1 695
-7 -2 292
-7 0 613
6 0 389
-8 -9 786
-4 0 182
9 0 393
-2 -2 214
-7 7 194
5 -3 11
-3 -3 664
-3 5 762
1 -6 909